16	//ancho
*
16	//alto
*
1	//hoja de sprites utilizada
*
01:1-0	//hierba suelo
#
02:1-1	//agujero1
#
03:1-2	//agujero2
#
04:1-3	//agujero3
#
05:1-8	//agujero4
#
06:1-9	//agujero5
#
07:1-10	//agujero6
#
08:1-15	//agujero7
#
09:1-16	//agujero8
#
10:1-17	//agujero9
#
11:1-4	//arbol1
#
12:1-5	//arbol2
#
13:1-11	//arbol3
#
14:1-12	//arbol4
#
15:1-6	//casa1
#
16:1-7	//casa2
#
17:1-13	//casa3
#
18:1-14	//casa4
*
1111111111111111	//mapa colisiones
1000000000000001
1000000110000001
1011000110011001
1011000000011001
1000000000000001
1011110000001101
1011110110001101
1011110110000001
1000000000000001
1011101110000001
1011101110000001
1011101110000001
1000001110000001
1000000000000001
1111111111111111
*
01 01 01 01 01 01 01 01 01 01 01 01 01 01 01 01		//posicion sprite
01 01 01 01 01 01 01 01 01 01 01 01 01 01 01 01
01 01 01 01 01 01 01 01 01 01 01 01 01 01 01 01
01 01 01 01 01 01 01 15 16 01 01 01 01 01 01 01
01 01 11 12 01 01 01 17 18 01 01 11 12 01 01 01
01 01 13 14 01 01 01 01 01 01 01 13 14 01 01 01
01 01 01 01 01 01 01 01 01 01 01 01 01 01 01 01
01 01 02 03 03 04 01 01 01 01 01 01 11 12 01 01
01 01 05 06 06 07 01 02 04 01 01 01 13 14 01 01
01 01 08 09 09 10 01 08 10 01 01 01 01 01 01 01
01 01 01 01 01 01 01 01 01 01 01 01 01 01 01 01
01 01 02 03 04 01 02 03 04 01 01 01 01 01 01 01
01 01 05 06 07 01 05 06 07 01 01 01 01 01 01 01
01 01 08 09 10 01 05 06 07 01 01 01 01 01 01 01
01 01 01 01 01 01 08 09 10 01 01 01 01 01 01 01
01 01 01 01 01 01 01 01 01 01 01 01 01 01 01 01
*
8-4 //punto de aparicion
*
8-3-02.lm //transicion a mapa siguiente
*
3,6:1-1/2-1 //x,y del mapa : objeto - cantidad / objeto - cantidad / etc.
#
2,6:1-1/2-1 //x,y del mapa : objeto - cantidad / objeto - cantidad / etc.